0 12 10 13 2 9 1 8 
0 12 10 2 9 1 8 
0 12 14 6 2 9 1 8 
0 12 14 6 5 13 2 9 1 8 
0 12 14 13 2 9 1 8 
0 12 4 6 2 9 1 8 
0 12 4 6 5 13 2 9 1 8 
0 12 4 1 8 
0 12 13 2 9 1 8 
1 8 6 2 9 
1 8 6 2 9 12 4 
1 8 6 5 13 2 9 
1 8 6 5 13 2 9 12 4 
1 12 10 13 2 9 
1 12 10 2 9 
1 12 14 6 2 9 
1 12 14 6 5 13 2 9 
1 12 14 13 2 9 
1 12 4 6 2 9 
1 12 4 6 5 13 2 9 
1 12 4 
1 12 13 2 9 
2 9 12 10 13 
2 9 12 10 
2 9 12 14 6 
2 9 12 14 6 5 13 
2 9 12 14 13 
2 9 12 4 6 
2 9 12 4 6 5 13 
2 9 12 13 
2 14 6 
2 14 6 5 13 
2 14 13 
3 12 4 
