0 8 7 6 
0 8 7 6 2 1 11 4 15 5 
0 8 7 6 13 11 4 15 5 
0 8 7 13 11 4 6 
0 8 7 13 11 4 15 5 
0 8 7 13 11 4 15 6 
0 15 11 4 6 
0 15 11 4 8 7 6 
0 15 4 6 
0 15 4 8 7 6 
0 15 5 
0 15 6 
0 10 15 11 4 6 
0 10 15 11 4 8 7 6 
0 10 15 4 6 
0 10 15 4 8 7 6 
0 10 15 5 
0 10 15 6 
0 10 2 1 11 4 6 
0 10 2 1 11 4 15 5 
0 10 2 1 11 4 15 6 
0 10 2 1 11 4 8 7 6 
1 11 4 6 2 
1 11 4 15 6 2 
1 11 4 8 7 6 2 
4 6 7 13 11 
4 6 13 11 
4 15 11 
4 15 
4 15 6 7 13 11 
4 15 6 13 11 
4 8 7 6 13 11 
4 8 7 13 11 
6 7 
6 13 8 7 
7 13 8 
