0 4 13 5 
0 4 10 1 13 5 
0 4 10 12 8 13 5 
0 4 10 12 6 1 13 5 
0 4 11 2 9 10 1 13 5 
0 4 11 2 9 10 12 8 13 5 
0 4 11 2 9 10 12 6 1 13 5 
0 15 11 2 9 10 1 13 5 
0 15 11 2 9 10 12 8 13 5 
0 15 11 2 9 10 12 4 13 5 
0 15 11 2 9 10 12 6 1 13 5 
0 15 7 13 5 
0 15 7 11 2 9 10 1 13 5 
0 15 7 11 2 9 10 12 8 13 5 
0 15 7 11 2 9 10 12 4 13 5 
0 15 7 11 2 9 10 12 6 1 13 5 
0 15 12 9 10 1 13 5 
0 15 12 8 13 5 
0 15 12 4 13 5 
0 15 12 4 10 1 13 5 
0 15 12 4 11 2 9 10 1 13 5 
0 15 12 6 1 13 5 
0 9 10 1 13 5 
0 9 10 12 8 13 5 
0 9 10 12 4 13 5 
0 9 10 12 6 1 13 5 
0 13 5 
0 6 1 13 5 
2 9 10 12 4 11 
2 9 10 
4 10 12 
9 10 12 
