0 2 9 13 15 8 
0 2 9 12 7 6 15 8 
0 2 9 12 7 1 11 15 8 
0 2 9 12 15 8 
0 2 9 1 11 15 8 
0 2 9 1 11 12 7 6 15 8 
0 2 9 1 11 12 15 8 
0 2 15 8 
1 9 13 5 2 15 
1 9 13 15 
1 9 12 7 6 15 
1 9 12 7 
1 9 12 15 
1 9 
1 11 9 13 5 2 15 
1 11 9 13 15 
1 11 9 12 7 6 15 
1 11 9 12 7 
1 11 9 12 15 
1 11 9 
1 11 15 13 5 2 9 12 7 
1 11 15 13 5 2 9 
1 11 15 13 9 12 7 
1 11 15 13 9 
1 11 15 
1 11 12 7 6 15 13 5 2 9 
1 11 12 7 6 15 13 9 
1 11 12 7 6 15 
1 11 12 7 
1 11 12 15 13 5 2 9 
1 11 12 15 13 9 
1 11 12 15 
2 9 13 5 
2 9 12 7 6 15 13 5 
2 9 12 15 13 5 
2 15 13 5 
5 13 
6 15 13 9 12 7 
6 7 
9 13 
9 12 15 13 
13 15 
