0 15 13 8 2 7 10 5 11 9 
0 15 13 8 2 7 10 5 6 11 9 
0 15 13 8 2 6 11 9 
0 15 13 8 6 11 9 
0 15 13 8 12 9 
0 15 13 8 12 5 11 9 
0 15 13 8 12 5 6 11 9 
0 15 13 1 7 10 5 11 9 
0 15 13 1 7 10 5 11 8 12 9 
0 15 13 1 7 10 5 8 2 6 11 9 
0 15 13 1 7 10 5 8 6 11 9 
0 15 13 1 7 10 5 8 12 9 
0 15 13 1 7 10 5 6 11 9 
0 15 13 1 7 10 5 6 11 8 12 9 
0 15 13 1 14 2 7 10 5 11 9 
0 15 13 1 14 2 7 10 5 11 8 12 9 
0 15 13 1 14 2 7 10 5 8 6 11 9 
0 15 13 1 14 2 7 10 5 8 12 9 
0 15 13 1 14 2 7 10 5 6 11 9 
0 15 13 1 14 2 7 10 5 6 11 8 12 9 
0 15 13 1 14 2 6 11 9 
0 15 13 1 14 2 6 11 10 5 8 12 9 
0 15 13 1 14 2 6 11 8 12 9 
0 15 13 7 10 5 11 9 
0 15 13 7 10 5 11 8 12 9 
0 15 13 7 10 5 8 2 6 11 9 
0 15 13 7 10 5 8 6 11 9 
0 15 13 7 10 5 8 12 9 
0 15 13 7 10 5 6 11 9 
0 15 13 7 10 5 6 11 8 12 9 
0 15 13 6 11 9 
0 15 13 6 11 10 5 8 12 9 
0 15 13 6 11 8 12 9 
0 15 13 6 11 14 2 7 10 5 8 12 9 
0 15 13 6 11 1 7 10 5 8 12 9 
0 15 13 6 11 1 14 2 7 10 5 8 12 9 
1 7 10 5 11 8 2 15 13 
1 7 10 5 11 14 2 15 13 
1 7 10 5 11 
1 7 10 5 8 2 6 11 
1 7 10 5 8 2 15 13 
1 7 10 5 8 2 15 13 6 11 
1 7 10 5 8 6 11 14 2 15 13 
1 7 10 5 8 6 11 
1 7 10 5 6 11 8 2 15 13 
1 7 10 5 6 11 14 2 15 13 
1 7 10 5 6 11 
1 14 2 7 10 5 11 
1 14 2 7 10 5 8 6 11 
1 14 2 7 10 5 6 11 
1 14 2 6 11 
1 14 2 15 13 8 6 11 
1 14 2 15 13 8 12 5 11 
1 14 2 15 13 8 12 5 6 11 
1 14 2 15 13 
1 14 2 15 13 7 10 5 11 
1 14 2 15 13 7 10 5 8 6 11 
1 14 2 15 13 7 10 5 6 11 
1 14 2 15 13 6 11 
2 7 10 5 11 8 
2 7 10 5 11 14 
2 7 10 5 8 
2 7 10 5 8 6 11 14 
2 7 10 5 6 11 8 
2 7 10 5 6 11 14 
2 6 11 10 5 8 
2 6 11 8 
2 6 11 14 
2 15 13 8 
2 15 13 8 6 11 14 
2 15 13 8 12 5 11 14 
2 15 13 8 12 5 6 11 14 
2 15 13 7 10 5 11 8 
2 15 13 7 10 5 11 14 
2 15 13 7 10 5 8 
2 15 13 7 10 5 8 6 11 14 
2 15 13 7 10 5 6 11 8 
2 15 13 7 10 5 6 11 14 
2 15 13 6 11 10 5 8 
2 15 13 6 11 8 
2 15 13 6 11 14 
5 11 10 
5 11 8 12 
5 8 6 11 10 
5 8 12 
5 6 11 10 
5 6 11 8 12 
6 11 8 
